950451256641
608336230500
606954388120
874077477125
483095094945
626234211740
516829548424
140981768799
726143241703
509958853119
719465113229
8745888774
846625870080
255279445014
800084393116
757204203096
543095193822
594822545705
619077495658
22853476694
969818940152
552443330691
866998416102
495009840838
107221170099
608895865951
114514913806
423142499125
93881194425
423482234026
988606244876
617782388208
726687209157
272888801186
221141063726
151668508636
969572955669
726317778890
619465793539
762162602995
695572637625
125962145338
504455680150
41505458065
465886779725
273992216845
287106968789
360315609896
483967225419
266787998550
674183837472
420824208476
147677602074
604777814039
464291874597
353196923326
896880978779
221129467853
564459692309
791298207640
669394272833
893392813993
814279420439
777717133070
745350506191
317788569052
568841994769
644439031100
687023495898
807670957195
892546528504
443916445758
324751129336
332168433095
765406972825
50758865818
196577943501
891732598173
825570242616
892553449659
123345989267
30726580309
986907567068
558307542836
420500808722
687761426705
520061952153
838780613952
283336933420
336172062586
258489251720
909471756382
309635375100
323800666180
961051005126
950723872979
875355125589
483519898770
178485798046
676326476468
